111111111111111111111111111111111111111111111111111111111111111111111111111
111111111111111111111111111111111111111111111111111111111111111111111111111
111111111111111111111111001111111111111111111111111111111111111111111111111
111111111111111111111100000000111111111111111111111111111111111111111111111
111111111111111111111000000000001111000111111111111111111111111111111111111
111111111111111111100000000000000000000011111111111111111111111111111111111
111111111111111111100000000000000000000001111111111111111111111111111111111
111111111111111110000000000000000000000000001111111111111111111111111111111
111111111111111100000000000000000000000000000111111111111111111111111111111
111111111111111100000000000000000000000000000000000001111111111111111111111
111111111111110000000000000000000000000000000000000001111111111111111111111
111111111110100000000000000000000000000000000000000000111111111111111111111
111111111101100000000000000000000000000000000000000000111111111111111111111
111111111100000000000000000000000000000000000000000000011111111111111111111
111111111000000000000000000000000000000000000000000000001111111111111111111
111111111100000000000000000000000000000000000000000000001111111111111111111
111111111111000000000000000000000000000000000000000000000111111111111111111
111111111110000000000000000000000000000000000000000000000111111111111111111
111111111110000000000000000000000000000000000000000000000000111111111111111
111111111100000000000000000000000000000000000000000000000001111111111111111
111111111000000000000000000000000000000000000000000000000000111111111111111
111111110000000000000000000000000000000000000000000000000000111111111111111
111111100000000000000000000000000000000000000000000000000000011111111111111
111111000000000000000000011100000000000000000000000000000000001111111111111
111110000000000000000000001110000000000000000000000000000000000111111111111
111110000000000000010000011110100000000000000000000000000000000111111111111
111110000000000000000000011111100000000000000000000000000000000111111111111
111111110000000000000000011111101000000000000000000000000000000011111111111
111110000000000000000000011111100000000000000000000000000000000011111111111
111100000000000000000000011111110000000000000000000000000000000011111111111
111100000000000000000000011111111000000000000000000000000000000001111111111
111000000000000000001000011111111110000000000000000000000000000000111111111
001000000000000000001000011111111111110000000000000000000000000001111111111
000000000000000000011000011111111111111100000000010000000000000000011111111
000000000000000000111100011111111111111110000000111110000000000000001111111
000000000000000011111100011111111111111111000000111110000000000000100111111
000000000000000001111100011111111110001111100000111110000000000000111111111
000000000000000001111100111111111111111111100011111010000000000000111111111
000000000000000011111100111111111111101111100001111111000000000001111111111
000000000000000011111100111110111111000011100000110011000000000001111111111
000000000000000111111111111111011111100011100000000001000000000001111111111
000000000000000111111111111111110111100001110000000000000000000001111111111
000000000000000111111111111111011100000011110000000000000000000000111111111
000001000000000111111111111111000000000111110000000000000000000001111111111
000001000000000111111111111111000000000111110000000000001000000011111111111
000000000000000011111111111111000000000111110000000000001010000010111111111
000000000000000111111111111111000000000111110000000000000000000011111111111
000000000000001111111111111111100000001111110000000000000111000001111111111
100000000000001111111111111111110000001111111000000000000111000001111111111
100000000000001111111111111111111000011111111100010000011110000111111111111
100000000000001111111111111111111000111111111111001000011100000111111111111
100000000000000111111111111111111000011111111100000000011100001001111111111
100000000000000001111111111111111100011111111100000000011100001001111111111
000000000000000001111111111111111111111111101000000000001111001111111111111
000000000000000000111111111111111111111111111111100000111111111111111111111
000000000000000000111111111111111111111111111111100000111111111111111111111
000000000000000000111111111111111111111111111111111000111111111111111111111
000000000000000001111111111111111111111111111111111001111111111111111111111
000000000000000001111111111111111111111111111111111001111111111111111111111
000000000000000011111111111111111111111111111111001111111111111111111111111
000000000000000111111111111111111111111111111000001111111111111111111111111
000000000000001111111111111111111111111110000000001001111111111111111111111
000000000010001111111111111111111111111110000000011000011111111111111111111
000000001110001111111111111111111111111111101000010000000011111111111111111
000001111110011111111111111111111111111111111111111000000000001111111111111
000111111000111111111111111111111111111111111111111100000000000011111111111
001111110001111111111111111111111111111111111111111111000110100000011111111
011111000000011111111111111111111111111111111111111111100111010101000111111
111110000000111111111111111111111111111111111111111111110111011110011001111
111000000000111111111111111111111111111111111111111111111111001011000100111
110000000000111111111111111111111111111111111111111111111111111111000010101
000000100001111111111111111111111111111111111111111111111111011111000011011
000000100011111111111111111111111111111111111111111111111111111111100111101
000011110011111111111111111111111111111111111111111111111111111111111111111
000110110010111111111111111111111111111111111111111111111111111111111111111
001101010001111111111111111111111111111111111111011111111111111111111111111
001101111111111111111111111111111111111111111111111111111111111111111111111
001110111111111111111111111111111111111111111111111111111111111111111111111